0.707107 0.707106 3.750000 0.923880 0.382682 3.750000 1.697058 1.697055 3.750000 
0.923880 0.382682 3.750000 1.000000 -0.000001 3.750000 2.217312 0.918437 3.750000 
1.000000 -0.000002 3.750000 0.923879 -0.382685 3.750000 2.400000 -0.000004 3.750000 
0.923879 -0.382685 3.750000 0.707106 -0.707108 3.750000 2.217310 -0.918444 3.750000 
0.707106 -0.707108 3.750000 0.382682 -0.923881 3.750000 1.697054 -1.697060 3.750000 
0.382682 -0.923881 3.750000 -0.000001 -1.000001 3.750000 0.918436 -2.217313 3.750000 
-0.000002 -1.000000 3.750000 -0.382685 -0.923880 3.750000 -0.000005 -2.400001 3.750000 
-0.382685 -0.923879 3.750000 -0.707108 -0.707106 3.750000 -0.918445 -2.217309 3.750000 
-0.707108 -0.707106 3.750000 -0.923880 -0.382682 3.750000 -1.697060 -1.697053 3.750000 
-0.923880 -0.382681 3.750000 -1.000000 0.000001 3.750000 -2.217313 -0.918435 3.750000 
-1.000000 0.000002 3.750000 -0.923879 0.382685 3.750000 -2.400000 0.000006 3.750000 
-0.923878 0.382685 3.750000 -0.707105 0.707108 3.750000 -2.217309 0.918446 3.750000 
-0.707105 0.707108 3.750000 -0.382681 0.923880 3.750000 -1.697052 1.697061 3.750000 
-0.382681 0.923880 3.750000 0.000002 1.000000 3.750000 -0.918434 2.217314 3.750000 
0.000003 0.999999 3.750000 0.382686 0.923878 3.750000 0.000008 2.400000 3.750000 
0.382686 0.923878 3.750000 0.707107 0.707106 3.750000 0.918448 2.217307 3.750000 
2.177838 -1.119750 -3.644042 0.923879 -0.382684 -3.750000 1.000000 -0.000001 -3.750000 
1.697056 -1.697057 -3.750000 0.707107 -0.707107 -3.750000 0.923879 -0.382684 -3.750000 
0.918440 -2.217312 -3.750000 0.382683 -0.923879 -3.750000 0.707106 -0.707108 -3.750000 
0.000000 -2.400000 -3.750000 0.000000 -1.000000 -3.750000 0.382683 -0.923880 -3.750000 
-0.918440 -2.217312 -3.750000 -0.382683 -0.923879 -3.750000 -0.000001 -1.000000 -3.750000 
-1.697056 -1.697058 -3.750000 -0.707106 -0.707107 -3.750000 -0.382684 -0.923879 -3.750000 
-2.217311 -0.918441 -3.750000 -0.923879 -0.382684 -3.750000 -0.707107 -0.707106 -3.750000 
-2.439473 -0.201310 -3.644042 -1.000000 -0.000000 -3.750000 -0.923880 -0.382683 -3.750000 
-2.217311 0.918440 -3.750000 -0.923879 0.382683 -3.750000 -1.000000 0.000001 -3.750000 
-1.697056 1.697057 -3.750000 -0.707106 0.707107 -3.750000 -0.923879 0.382684 -3.750000 
-0.918439 2.217311 -3.750000 -0.382683 0.923879 -3.750000 -0.707106 0.707107 -3.750000 
0.000002 2.400000 -3.750000 0.000001 1.000000 -3.750000 -0.382682 0.923880 -3.750000 
0.918442 2.217310 -3.750000 0.382684 0.923879 -3.750000 0.000002 1.000000 -3.750000 
1.697057 1.697056 -3.750000 0.707107 0.707106 -3.750000 0.707107 0.707107 -3.750000 
1.697057 1.697056 -3.750000 0.707107 0.707107 -3.750000 0.382685 0.923879 -3.750000 
2.360527 -0.201310 -3.644042 1.000000 -0.000000 -3.750000 0.923880 0.382683 -3.750000 
-0.958356 2.190639 -2.400000 -1.697056 1.697057 -3.750000 -0.958356 2.190639 2.400000 
0.000000 2.399999 -2.400000 0.000000 2.399999 -2.400000 -0.918439 2.217311 -3.750000 
0.000000 2.399999 -2.400000 0.000001 2.399999 -2.400000 -0.918439 2.217311 -3.750000 
-0.000000 2.399999 -2.400000 0.000000 2.399999 -2.400000 -0.918439 2.217311 -3.750000 
0.000000 2.399999 -2.400000 0.000000 2.399999 -2.400000 -0.918439 2.217311 -3.750000 
0.000002 2.399999 2.400000 0.000001 2.399999 2.400000 0.000008 2.400000 3.750000 
-0.000001 2.399999 -2.400000 -0.000000 2.399999 -2.400000 -0.918439 2.217311 -3.750000 
0.000001 2.399999 2.400000 0.000001 2.399999 2.400000 0.000008 2.400000 3.750000 
0.000001 2.399999 2.400000 0.000000 2.399998 2.400000 0.000008 2.400000 3.750000 
0.000000 2.399998 2.400000 -0.000001 2.399998 2.400000 0.000008 2.400000 3.750000 
-0.000001 2.399998 2.400000 -0.000002 2.399998 2.400000 0.000008 2.400000 3.750000 
-0.918435 2.217313 2.400000 -0.958356 2.190639 2.400000 -0.918434 2.217314 3.750000 
0.000008 2.400000 3.750000 -0.918435 2.217313 2.400000 -0.918434 2.217314 3.750000 
0.716838 2.257411 2.400000 0.000007 2.400000 2.400000 0.753127 2.250192 2.400000 
1.697058 1.697055 3.750000 0.958356 2.190641 -2.400000 0.958356 2.190641 2.400000 
0.918443 2.217309 -2.400000 0.958356 2.190641 -2.400000 0.918442 2.217310 -3.750000 
0.000003 2.400000 -2.400000 0.958356 2.190641 -2.400000 0.918443 2.217309 -2.400000 
0.716838 2.257411 2.400000 0.000002 2.399999 2.400000 0.000007 2.400000 2.400000 
0.000007 2.400000 2.400000 0.000002 2.399999 2.400000 0.000008 2.400000 3.750000 
2.360527 -0.201310 -3.644042 2.217311 0.918440 -3.750000 2.217311 0.918439 -2.400000 
2.360527 -0.201310 -3.644042 2.217311 0.918439 -2.400000 2.360527 -0.201311 -2.294042 
-2.439473 -0.201310 -3.644042 -2.400000 0.000001 -2.400000 -2.217311 0.918440 -3.750000 
-2.400000 0.000001 -2.400000 -2.217311 0.918441 -2.400000 -2.217311 0.918440 -3.750000 
-0.918440 -2.217312 -3.750000 -0.918441 -2.217311 -2.400000 -1.697056 -1.697058 -3.750000 
-0.918441 -2.217311 -2.400000 -1.697057 -1.697057 -2.400000 -1.697056 -1.697058 -3.750000 
1.697056 -1.697057 -3.750000 1.697056 -1.697057 -2.400000 0.918440 -2.217312 -3.750000 
1.697056 -1.697057 -2.400000 0.918440 -2.217312 -2.400000 0.918440 -2.217312 -3.750000 
-2.400000 0.000006 3.750000 -2.217309 0.918446 3.750000 -2.217309 0.918445 2.400000 
-2.400000 0.000006 3.750000 -2.217309 0.918445 2.400000 -2.400000 0.000005 2.400000 
2.217312 0.918437 3.750000 2.400000 -0.000004 3.750000 2.400000 -0.000003 2.400000 
2.217312 0.918437 3.750000 2.400000 -0.000003 2.400000 2.217312 0.918438 2.400000 
1.697054 -1.697060 3.750000 0.918436 -2.217313 3.750000 0.918437 -2.217313 2.400000 
1.697054 -1.697060 3.750000 0.918437 -2.217313 2.400000 1.697054 -1.697059 2.400000 
-0.918445 -2.217309 3.750000 -1.697060 -1.697053 3.750000 -1.697059 -1.697053 2.400000 
-0.918445 -2.217309 3.750000 -1.697059 -1.697053 2.400000 -0.918444 -2.217310 2.400000 
0.000003 2.400000 -2.400000 0.918443 2.217309 -2.400000 0.918442 2.217310 -3.750000 
0.000003 2.400000 -2.400000 0.918442 2.217310 -3.750000 0.000002 2.400000 -3.750000 
1.697058 1.697055 3.750000 1.774458 1.581217 2.400000 1.774457 1.581217 -2.400000 
1.697058 1.697055 3.750000 1.774457 1.581217 -2.400000 1.697057 1.697056 -3.750000 
2.217312 0.918438 2.400000 1.774458 1.581217 2.400000 2.217312 0.918437 3.750000 
1.774458 1.581217 2.400000 1.697058 1.697055 3.750000 2.217312 0.918437 3.750000 
-2.038374 -1.186238 -2.400000 -2.038374 -1.186239 2.400000 -2.217313 -0.918435 3.750000 
-2.038374 -1.186238 -2.400000 -2.217313 -0.918435 3.750000 -2.217311 -0.918441 -3.750000 
0.496475 -2.301245 -2.400000 0.496475 -2.301245 2.400000 0.000000 -2.400000 -3.750000 
0.496475 -2.301245 2.400000 -0.000005 -2.400001 3.750000 0.000000 -2.400000 -3.750000 
2.313249 -0.438993 -2.294042 2.352722 -0.237684 2.400000 2.217310 -0.918444 3.750000 
2.313249 -0.438993 -2.294042 2.217310 -0.918444 3.750000 2.177838 -1.119750 -3.644042 
1.697057 1.697056 -3.750000 1.774457 1.581217 -2.400000 2.217311 0.918440 -3.750000 
1.774457 1.581217 -2.400000 2.217311 0.918439 -2.400000 2.217311 0.918440 -3.750000 
-0.000006 2.399997 2.400000 -0.918435 2.217313 2.400000 -0.000002 2.399998 2.400000 
-0.918435 2.217313 2.400000 0.000008 2.400000 3.750000 -0.000002 2.399998 2.400000 
-0.000002 2.399999 -2.400000 -0.000001 2.399999 -2.400000 -0.918438 2.217312 -2.400000 
-0.000001 2.399999 -2.400000 -0.918439 2.217311 -3.750000 -0.918438 2.217312 -2.400000 
0.000007 2.400000 2.400000 0.000008 2.400000 3.750000 0.716838 2.257411 2.400000 
0.000008 2.400000 3.750000 0.918448 2.217307 3.750000 0.716838 2.257411 2.400000 
-2.217311 0.918440 -3.750000 -2.217311 0.918441 -2.400000 -1.774457 1.581217 -2.400000 
-2.217311 0.918440 -3.750000 -1.774457 1.581217 -2.400000 -1.697056 1.697057 -3.750000 
-2.217309 0.918445 2.400000 -2.217309 0.918446 3.750000 -1.774456 1.581217 2.400000 
-2.217309 0.918446 3.750000 -1.697052 1.697061 3.750000 -1.774456 1.581217 2.400000 
-1.697059 -1.697053 2.400000 -1.697060 -1.697053 3.750000 -2.038374 -1.186239 2.400000 
-1.697060 -1.697053 3.750000 -2.217313 -0.918435 3.750000 -2.038374 -1.186239 2.400000 
0.918437 -2.217313 2.400000 0.918436 -2.217313 3.750000 0.496475 -2.301245 2.400000 
0.918436 -2.217313 3.750000 -0.000005 -2.400001 3.750000 0.496475 -2.301245 2.400000 
2.400000 -0.000003 2.400000 2.400000 -0.000004 3.750000 2.352722 -0.237684 2.400000 
2.400000 -0.000004 3.750000 2.217310 -0.918444 3.750000 2.352722 -0.237684 2.400000 
1.697058 1.697055 3.750000 0.958356 2.190641 2.400000 0.918448 2.217307 3.750000 
0.958356 2.190641 2.400000 0.918447 2.217308 2.400000 0.918448 2.217307 3.750000 
0.918448 2.217307 3.750000 0.918447 2.217308 2.400000 0.716838 2.257411 2.400000 
0.918447 2.217308 2.400000 0.753127 2.250192 2.400000 0.716838 2.257411 2.400000 
0.000002 2.400000 -3.750000 -0.918439 2.217311 -3.750000 0.000001 2.399999 -2.400000 
0.000002 2.400000 -3.750000 0.000001 2.399999 -2.400000 0.000003 2.400000 -2.400000 
-0.918439 2.217311 -3.750000 -1.697056 1.697057 -3.750000 -0.958356 2.190639 -2.400000 
-0.918439 2.217311 -3.750000 -0.958356 2.190639 -2.400000 -0.918438 2.217312 -2.400000 
-1.697056 1.697057 -3.750000 -1.774457 1.581217 -2.400000 -1.774456 1.581217 2.400000 
-1.697056 1.697057 -3.750000 -1.774456 1.581217 2.400000 -1.697052 1.697061 3.750000 
-2.217311 -0.918441 -3.750000 -2.217313 -0.918435 3.750000 -2.352722 -0.237684 -2.400000 
-2.217313 -0.918435 3.750000 -2.352721 -0.237684 2.400000 -2.352722 -0.237684 -2.400000 
-2.400000 0.000006 3.750000 -2.400000 0.000005 2.400000 -2.352721 -0.237684 2.400000 
-2.400000 0.000006 3.750000 -2.352721 -0.237684 2.400000 -2.217313 -0.918435 3.750000 
-2.439473 -0.201310 -3.644042 -2.217311 -0.918441 -3.750000 -2.352722 -0.237684 -2.400000 
-2.439473 -0.201310 -3.644042 -2.352722 -0.237684 -2.400000 -2.400000 0.000001 -2.400000 
-1.697056 -1.697058 -3.750000 -1.697057 -1.697057 -2.400000 -2.038374 -1.186238 -2.400000 
-1.697056 -1.697058 -3.750000 -2.038374 -1.186238 -2.400000 -2.217311 -0.918441 -3.750000 
0.000000 -2.400000 -3.750000 -0.000005 -2.400001 3.750000 -0.496475 -2.301245 -2.400000 
-0.000005 -2.400001 3.750000 -0.496475 -2.301245 2.400000 -0.496475 -2.301245 -2.400000 
-0.918445 -2.217309 3.750000 -0.918444 -2.217310 2.400000 -0.496475 -2.301245 2.400000 
-0.918445 -2.217309 3.750000 -0.496475 -2.301245 2.400000 -0.000005 -2.400001 3.750000 
-0.918440 -2.217312 -3.750000 0.000000 -2.400000 -3.750000 -0.496475 -2.301245 -2.400000 
-0.918440 -2.217312 -3.750000 -0.496475 -2.301245 -2.400000 -0.918441 -2.217311 -2.400000 
0.918440 -2.217312 -3.750000 0.918440 -2.217312 -2.400000 0.496475 -2.301245 -2.400000 
0.918440 -2.217312 -3.750000 0.496475 -2.301245 -2.400000 0.000000 -2.400000 -3.750000 
2.177838 -1.119750 -3.644042 2.217310 -0.918444 3.750000 2.038374 -1.186239 2.400000 
2.177838 -1.119750 -3.644042 2.038374 -1.186239 2.400000 2.038374 -1.186238 -2.400000 
1.697054 -1.697060 3.750000 1.697054 -1.697059 2.400000 2.038374 -1.186239 2.400000 
1.697054 -1.697060 3.750000 2.038374 -1.186239 2.400000 2.217310 -0.918444 3.750000 
1.697056 -1.697057 -3.750000 2.177838 -1.119750 -3.644042 1.697056 -1.697057 -2.400000 
2.177838 -1.119750 -3.644042 2.038374 -1.186238 -2.400000 1.697056 -1.697057 -2.400000 
2.360527 -0.201310 -3.644042 2.360527 -0.201311 -2.294042 2.313249 -0.438993 -2.294042 
2.360527 -0.201310 -3.644042 2.313249 -0.438993 -2.294042 2.177838 -1.119750 -3.644042 
0.923879 0.382683 -3.750000 0.707107 0.707106 -3.750000 2.217311 0.918440 -3.750000 
0.707107 0.707106 -3.750000 1.697057 1.697056 -3.750000 2.217311 0.918440 -3.750000 
0.918442 2.217310 -3.750000 1.697057 1.697056 -3.750000 0.382685 0.923879 -3.750000 
0.918442 2.217310 -3.750000 0.382685 0.923879 -3.750000 0.382684 0.923879 -3.750000 
0.000002 2.400000 -3.750000 0.918442 2.217310 -3.750000 0.000002 1.000000 -3.750000 
0.000002 2.400000 -3.750000 0.000002 1.000000 -3.750000 0.000001 1.000000 -3.750000 
-0.918439 2.217311 -3.750000 0.000002 2.400000 -3.750000 -0.382682 0.923880 -3.750000 
-0.918439 2.217311 -3.750000 -0.382682 0.923880 -3.750000 -0.382683 0.923879 -3.750000 
-1.697056 1.697057 -3.750000 -0.918439 2.217311 -3.750000 -0.707106 0.707107 -3.750000 
-1.697056 1.697057 -3.750000 -0.707106 0.707107 -3.750000 -0.707106 0.707107 -3.750000 
-2.217311 0.918440 -3.750000 -1.697056 1.697057 -3.750000 -0.923879 0.382684 -3.750000 
-2.217311 0.918440 -3.750000 -0.923879 0.382684 -3.750000 -0.923879 0.382683 -3.750000 
-2.439473 -0.201310 -3.644042 -2.217311 0.918440 -3.750000 -1.000000 0.000001 -3.750000 
-2.439473 -0.201310 -3.644042 -1.000000 0.000001 -3.750000 -1.000000 -0.000000 -3.750000 
-2.217311 -0.918441 -3.750000 -2.439473 -0.201310 -3.644042 -0.923880 -0.382683 -3.750000 
-2.217311 -0.918441 -3.750000 -0.923880 -0.382683 -3.750000 -0.923879 -0.382684 -3.750000 
-1.697056 -1.697058 -3.750000 -2.217311 -0.918441 -3.750000 -0.707107 -0.707106 -3.750000 
-1.697056 -1.697058 -3.750000 -0.707107 -0.707106 -3.750000 -0.707106 -0.707107 -3.750000 
-0.918440 -2.217312 -3.750000 -1.697056 -1.697058 -3.750000 -0.382684 -0.923879 -3.750000 
-0.918440 -2.217312 -3.750000 -0.382684 -0.923879 -3.750000 -0.382683 -0.923879 -3.750000 
0.000000 -2.400000 -3.750000 -0.918440 -2.217312 -3.750000 -0.000001 -1.000000 -3.750000 
0.000000 -2.400000 -3.750000 -0.000001 -1.000000 -3.750000 0.000000 -1.000000 -3.750000 
0.918440 -2.217312 -3.750000 0.000000 -2.400000 -3.750000 0.382683 -0.923880 -3.750000 
0.918440 -2.217312 -3.750000 0.382683 -0.923880 -3.750000 0.382683 -0.923879 -3.750000 
1.697056 -1.697057 -3.750000 0.918440 -2.217312 -3.750000 0.707106 -0.707108 -3.750000 
1.697056 -1.697057 -3.750000 0.707106 -0.707108 -3.750000 0.707107 -0.707107 -3.750000 
2.177838 -1.119750 -3.644042 1.697056 -1.697057 -3.750000 0.923879 -0.382684 -3.750000 
2.177838 -1.119750 -3.644042 0.923879 -0.382684 -3.750000 0.923879 -0.382684 -3.750000 
2.360527 -0.201310 -3.644042 2.177838 -1.119750 -3.644042 1.000000 -0.000001 -3.750000 
2.360527 -0.201310 -3.644042 1.000000 -0.000001 -3.750000 1.000000 -0.000000 -3.750000 
0.923879 0.382683 -3.750000 2.217311 0.918440 -3.750000 0.923880 0.382683 -3.750000 
2.217311 0.918440 -3.750000 2.360527 -0.201310 -3.644042 0.923880 0.382683 -3.750000 
0.918448 2.217307 3.750000 0.000008 2.400000 3.750000 0.382686 0.923878 3.750000 
0.918448 2.217307 3.750000 0.382686 0.923878 3.750000 0.382686 0.923878 3.750000 
0.000008 2.400000 3.750000 -0.918434 2.217314 3.750000 0.000002 1.000000 3.750000 
0.000008 2.400000 3.750000 0.000002 1.000000 3.750000 0.000003 0.999999 3.750000 
-0.918434 2.217314 3.750000 -1.697052 1.697061 3.750000 -0.382681 0.923880 3.750000 
-0.918434 2.217314 3.750000 -0.382681 0.923880 3.750000 -0.382681 0.923880 3.750000 
-1.697052 1.697061 3.750000 -2.217309 0.918446 3.750000 -0.707105 0.707108 3.750000 
-1.697052 1.697061 3.750000 -0.707105 0.707108 3.750000 -0.707105 0.707108 3.750000 
-2.217309 0.918446 3.750000 -2.400000 0.000006 3.750000 -0.923879 0.382685 3.750000 
-2.217309 0.918446 3.750000 -0.923879 0.382685 3.750000 -0.923878 0.382685 3.750000 
-2.400000 0.000006 3.750000 -2.217313 -0.918435 3.750000 -1.000000 0.000001 3.750000 
-2.400000 0.000006 3.750000 -1.000000 0.000001 3.750000 -1.000000 0.000002 3.750000 
-2.217313 -0.918435 3.750000 -1.697060 -1.697053 3.750000 -0.923880 -0.382682 3.750000 
-2.217313 -0.918435 3.750000 -0.923880 -0.382682 3.750000 -0.923880 -0.382681 3.750000 
-1.697060 -1.697053 3.750000 -0.918445 -2.217309 3.750000 -0.707108 -0.707106 3.750000 
-1.697060 -1.697053 3.750000 -0.707108 -0.707106 3.750000 -0.707108 -0.707106 3.750000 
-0.918445 -2.217309 3.750000 -0.000005 -2.400001 3.750000 -0.382685 -0.923880 3.750000 
-0.918445 -2.217309 3.750000 -0.382685 -0.923880 3.750000 -0.382685 -0.923879 3.750000 
-0.000005 -2.400001 3.750000 0.918436 -2.217313 3.750000 -0.000001 -1.000001 3.750000 
-0.000005 -2.400001 3.750000 -0.000001 -1.000001 3.750000 -0.000002 -1.000000 3.750000 
0.918436 -2.217313 3.750000 1.697054 -1.697060 3.750000 0.382682 -0.923881 3.750000 
0.918436 -2.217313 3.750000 0.382682 -0.923881 3.750000 0.382682 -0.923881 3.750000 
1.697054 -1.697060 3.750000 2.217310 -0.918444 3.750000 0.707106 -0.707108 3.750000 
1.697054 -1.697060 3.750000 0.707106 -0.707108 3.750000 0.707106 -0.707108 3.750000 
2.217310 -0.918444 3.750000 2.400000 -0.000004 3.750000 0.923879 -0.382685 3.750000 
2.217310 -0.918444 3.750000 0.923879 -0.382685 3.750000 0.923879 -0.382685 3.750000 
2.400000 -0.000004 3.750000 2.217312 0.918437 3.750000 1.000000 -0.000001 3.750000 
2.400000 -0.000004 3.750000 1.000000 -0.000001 3.750000 1.000000 -0.000002 3.750000 
0.707107 0.707106 3.750000 0.707107 0.707106 3.750000 1.697058 1.697055 3.750000 
0.707107 0.707106 3.750000 1.697058 1.697055 3.750000 0.918448 2.217307 3.750000 
2.217312 0.918437 3.750000 1.697058 1.697055 3.750000 0.923880 0.382682 3.750000 
2.217312 0.918437 3.750000 0.923880 0.382682 3.750000 0.923880 0.382682 3.750000 
1.697058 1.697055 3.750000 1.697057 1.697056 -3.750000 0.958356 2.190641 -2.400000 
1.697057 1.697056 -3.750000 0.918442 2.217310 -3.750000 0.958356 2.190641 -2.400000 
-1.697056 1.697057 -3.750000 -1.697052 1.697061 3.750000 -0.958356 2.190639 2.400000 
-1.697052 1.697061 3.750000 -0.918434 2.217314 3.750000 -0.958356 2.190639 2.400000 
