2390.91 -4889.65 5.99251 0 0 0 0 0
2863.84 -3295.8 4.42619 0 0 0 0 0
2527.95 -7070.56 1.05571 0 0 0 0 0
3632.79 -6939.99 4.73285 0 0 0 0 0
2799.17 -5294.71 4.07464 0 0 0 0 0
7040.07 -7339.11 1.4011 0 0 0 0 0
4107.52 -4394.24 5.97918 0 0 0 0 0
3569.98 -7201.59 2.18022 0 0 0 0 0
8935.76 -6552.26 5.56566 0 0 0 0 0
8587.86 -5562.08 4.5156 0 0 0 0 0
3098.39 -5887.78 4.74998 0 0 0 0 0
2506.4 -3399.79 2.39123 0 0 0 0 0
7383.11 -4819.61 2.93711 0 0 0 0 0
1540.01 -2933.05 0.613677 0 0 0 0 0
8696.17 -3947.49 4.78193 0 0 0 0 0
6592.76 -2448.36 5.48723 0 0 0 0 0
1682.15 -2501.87 0.662087 0 0 0 0 0
8343.38 -2806.12 3.26801 0 0 0 0 0
6227.85 -4712.25 4.62913 0 0 0 0 0
3366.9 -3553.01 0.574303 0 0 0 0 0
8423.98 -6170.53 3.42241 0 0 0 0 0
3765.91 -7343.1 0.605868 0 0 0 0 0
7281.17 -7307.05 6.25952 0 0 0 0 0
8015.65 -7533.24 4.45398 0 0 0 0 0
6218.87 -3855.45 4.38633 0 0 0 0 0
5266.24 -3716.97 4.25665 0 0 0 0 0
6058.65 -4197.43 3.77426 0 0 0 0 0
2449.95 -6202.65 1.08217 0 0 0 0 0
7990.31 -4849.88 6.01712 0 0 0 0 0
8677.66 -4819.69 0.785276 0 0 0 0 0
3956.03 -4847.76 3.81016 0 0 0 0 0
3927.71 -5564.44 4.13099 0 0 0 0 0
6988.19 -4854.42 0.893849 0 0 0 0 0
4562.74 -6981.59 5.08175 0 0 0 0 0
2855.13 -7024.65 4.09345 0 0 0 0 0
2536.69 -7264.18 1.27681 0 0 0 0 0
3476.54 -3541.68 4.25372 0 0 0 0 0
3033.44 -5929.56 6.28303 0 0 0 0 0
5017.76 -3993.54 2.87416 0 0 0 0 0
7928.66 -5450.75 0.017251 0 0 0 0 0
8352.74 -7621.78 3.65043 0 0 0 0 0
5731.96 -6867.38 4.28317 0 0 0 0 0
7260.11 -5435.59 2.94808 0 0 0 0 0
4831.15 -7106.93 3.06756 0 0 0 0 0
8241 -5994.5 5.24747 0 0 0 0 0
8240.81 -7015.36 3.18098 0 0 0 0 0
3836.24 -4472.75 1.32206 0 0 0 0 0
7276.17 -5252.11 4.05705 0 0 0 0 0
7296.81 -5260.43 3.07621 0 0 0 0 0
8466.84 -6305.12 2.1538 0 0 0 0 0
