8701.79 -3263.53 5.59767 0 0 0 0 0
2452.64 -2922.86 3.53532 0 0 0 0 0
5592.57 -5330.61 5.42941 0 0 0 0 0
5405.18 -2863.56 3.54072 0 0 0 0 0
3620.06 -4252.62 5.53846 0 0 0 0 0
3084.88 -3661.38 0.775031 0 0 0 0 0
5306.77 -5763.47 2.1569 0 0 0 0 0
4642.11 -7385.86 1.79357 0 0 0 0 0
3724.9 -7608 0.780922 0 0 0 0 0
2904.44 -6914.19 0.163201 0 0 0 0 0
7135.67 -3957.28 3.03746 0 0 0 0 0
6113.84 -6555.44 2.48847 0 0 0 0 0
2831.53 -5020.2 0.329214 0 0 0 0 0
3200.37 -3220.22 3.03621 0 0 0 0 0
2707.53 -4739.81 3.93481 0 0 0 0 0
5289 -2467.95 4.4265 0 0 0 0 0
7435.63 -6277.16 4.66067 0 0 0 0 0
8370.27 -5257.7 5.69915 0 0 0 0 0
8565.59 -6608.62 3.88226 0 0 0 0 0
4680.96 -3276.01 5.33663 0 0 0 0 0
7659.28 -7729.1 2.28754 0 0 0 0 0
8053.29 -7404.61 3.25787 0 0 0 0 0
5582.5 -5962.9 2.66554 0 0 0 0 0
7452.39 -5085.37 6.22469 0 0 0 0 0
4641.75 -7767.27 6.13433 0 0 0 0 0
2419.58 -3481.99 1.62811 0 0 0 0 0
7997.67 -3943.07 4.58688 0 0 0 0 0
7298.67 -4263.37 5.9796 0 0 0 0 0
4425.14 -7383.51 4.95248 0 0 0 0 0
3292.25 -2937.03 5.04627 0 0 0 0 0
6030.08 -3626.58 5.51622 0 0 0 0 0
2409.24 -3296.02 1.13205 0 0 0 0 0
5156.5 -5766.37 3.27331 0 0 0 0 0
8346.74 -6889.01 0.148672 0 0 0 0 0
8276.73 -4617.4 0.198212 0 0 0 0 0
8098.58 -3947.41 5.2155 0 0 0 0 0
2527.17 -4677.04 3.41509 0 0 0 0 0
8016.96 -5910.48 1.24336 0 0 0 0 0
6060.96 -2496.03 1.10363 0 0 0 0 0
4580.56 -4643.79 5.9533 0 0 0 0 0
3662.62 -3981.25 4.90299 0 0 0 0 0
5017.5 -6758.64 0.9889 0 0 0 0 0
8935.15 -7236.68 2.05657 0 0 0 0 0
1830.32 -3002.08 3.95217 0 0 0 0 0
8072.46 -7674.55 1.30089 0 0 0 0 0
4639.8 -2970.28 3.50293 0 0 0 0 0
6127.91 -3947.89 1.87418 0 0 0 0 0
8207.77 -6073.39 1.75127 0 0 0 0 0
7481.93 -5157.55 4.79584 0 0 0 0 0
8665.49 -5211.5 5.46047 0 0 0 0 0
3606.88 -5137.2 5.51243 0 0 0 0 0
2977.86 -4891.92 4.80287 0 0 0 0 0
7708 -5567.64 4.9599 0 0 0 0 0
1744.97 -3297.44 4.28721 0 0 0 0 0
5937.44 -5374.69 2.48121 0 0 0 0 0
8180.54 -5952.9 4.49439 0 0 0 0 0
2756.54 -5579.1 2.80665 0 0 0 0 0
1725.5 -5489.86 2.93419 0 0 0 0 0
6006.67 -6591.21 6.00907 0 0 0 0 0
4226.55 -6839.52 2.73822 0 0 0 0 0
3241.89 -5313.78 5.8367 0 0 0 0 0
2319.41 -4241.42 2.93632 0 0 0 0 0
8067.7 -5179.83 5.5358 0 0 0 0 0
6483.93 -4996.06 4.48384 0 0 0 0 0
4095.05 -7210.59 1.0238 0 0 0 0 0
4923.77 -6895.57 5.76286 0 0 0 0 0
8282.89 -6725.84 2.16932 0 0 0 0 0
3946.59 -6918.12 4.70726 0 0 0 0 0
7223.82 -5655.46 1.31783 0 0 0 0 0
6689.44 -5057.67 5.45475 0 0 0 0 0
2683.76 -5736.82 2.22061 0 0 0 0 0
7155.72 -5679.9 6.17756 0 0 0 0 0
8381.05 -7081.98 6.17939 0 0 0 0 0
4663.03 -4607.11 0.956266 0 0 0 0 0
4040.28 -5131.17 2.21309 0 0 0 0 0
6636.62 -3124.14 0.960536 0 0 0 0 0
3403.98 -6773.57 1.99445 0 0 0 0 0
3095.08 -4313.49 1.39961 0 0 0 0 0
2103.57 -3453.09 3.80296 0 0 0 0 0
4761.3 -3237.4 4.0957 0 0 0 0 0
3803.24 -4573.87 0.281858 0 0 0 0 0
3676.83 -5027.18 1.12583 0 0 0 0 0
8495.44 -6653.24 2.01151 0 0 0 0 0
3362.49 -6633.18 1.72059 0 0 0 0 0
8738.87 -5476.32 5.77396 0 0 0 0 0
2893.98 -5034.1 4.54156 0 0 0 0 0
5164.79 -4852.93 4.25355 0 0 0 0 0
6512.23 -3366.32 3.84753 0 0 0 0 0
2628.54 -6695.53 1.73621 0 0 0 0 0
4687.83 -6890.95 4.44154 0 0 0 0 0
6253.72 -4601.17 2.64526 0 0 0 0 0
7483.52 -7372.58 6.07327 0 0 0 0 0
5054.36 -3752.84 4.94146 0 0 0 0 0
2139.26 -6799.04 0.2061 0 0 0 0 0
8808.51 -2992.35 0.36346 0 0 0 0 0
8093.92 -3086.33 1.38285 0 0 0 0 0
2651.9 -6201.51 2.44827 0 0 0 0 0
7967.73 -4335.96 4.68676 0 0 0 0 0
3345.01 -5959.34 3.05477 0 0 0 0 0
6259.74 -4490.55 1.98197 0 0 0 0 0
