1590.36 725.567 0.473174 0 0 0 0 0
508.57 1843.22 0.394827 0 0 0 0 0
1686.01 1357.64 5.92896 0 0 0 0 0
1551.66 1580.99 2.90216 0 0 0 0 0
1103.01 1205.1 0.489108 0 0 0 0 0
100 100 0 0 0 0 0 0
2000 2200 -1.6 0 0 0 0 0
100 1900 0 0 0 0 0 0
1700 2200 -1.6 0 0 0 0 0
1300 2200 -1.6 0 0 0 0 0
900 2200 -1.6 0 0 0 0 0
700 2200 -1.6 0 0 0 0 0
200 2200 1.6 0 0 0 0 0
100 1500 0 0 0 0 0 0
100 1100 0 0 0 0 0 0
100 700 0 0 0 0 0 0
100 300 0 0 0 0 0 0
750 550 3.2 0 0 0 0 0
750 700 3.2 0 0 0 0 0
750 900 3.2 0 0 0 0 0
750 1100 3.2 0 0 0 0 0
750 1275 3.2 0 0 0 0 0
750 1450 3.2 0 0 0 0 0
2000 2000 3.2 0 0 0 0 0
2000 1800 3.2 0 0 0 0 0
2000 1600 3.2 0 0 0 0 0
2000 1400 3.2 0 0 0 0 0
2000 1200 3.2 0 0 0 0 0
2000 1000 3.2 0 0 0 0 0
2000 800 3.2 0 0 0 0 0
2000 600 3.2 0 0 0 0 0
2000 500 3.2 0 0 0 0 0
2000 200 3.2 0 0 0 0 0
700 1650 0 0 0 0 0 0
650 300 0 0 0 0 0 0
400 1000 0 0 0 0 0 0
400 1400 0 0 0 0 0 0
900 500 0 0 0 0 0 0
1300 200 0 0 0 0 0 0
1700 500 0 0 0 0 0 0
1300 1000 0 0 0 0 0 0
900 900 0 0 0 0 0 0
900 1300 0 0 0 0 0 0
900 1700 0 0 0 0 0 0
1200 1300 0 0 0 0 0 0
1300 1700 0 0 0 0 0 0
1100 1600 0 0 0 0 0 0
400 100 0 0 0 0 0 0
700 100 0 0 0 0 0 0
1700 100 0 0 0 0 0 0
1754.45 1825.75 5.47853 0 0 0 0 0
1788.79 145.54 0.00890544 0 0 0 0 0
374.364 1390.84 5.49939 0 0 0 0 0
1356.16 1018.14 3.82808 0 0 0 0 0
470.271 1633.99 0.48102 0 0 0 0 0
1563.68 1652.03 5.69771 0 0 0 0 0
443.138 1291.55 4.20365 0 0 0 0 0
179.333 1852.9 5.74002 0 0 0 0 0
1885.24 119.113 2.7901 0 0 0 0 0
179.821 56.9471 2.07868 0 0 0 0 0
1562.36 1990.8 2.22071 0 0 0 0 0
748.448 169.244 0.301417 0 0 0 0 0
907.915 1922.1 4.71366 0 0 0 0 0
490.286 2163.2 0.0483492 0 0 0 0 0
1318.47 205.981 1.25627 0 0 0 0 0
669.501 2216.07 2.94375 0 0 0 0 0
506.266 1623.45 1.9809 0 0 0 0 0
1242.47 114.924 2.41848 0 0 0 0 0
1342.4 1129.85 1.27149 0 0 0 0 0
822.073 1926.36 5.73536 0 0 0 0 0
1778.7 127.325 5.23463 0 0 0 0 0
1794.72 2240.5 5.24784 0 0 0 0 0
986.433 303.721 5.70533 0 0 0 0 0
1503.43 274.888 6.15108 0 0 0 0 0
958.613 1584.48 3.84452 0 0 0 0 0
1615.32 631.88 4.13649 0 0 0 0 0
755.615 710.058 6.01343 0 0 0 0 0
1966.15 664.342 3.42739 0 0 0 0 0
1609.05 1108.68 4.94621 0 0 0 0 0
1565.26 1082.46 1.38518 0 0 0 0 0
1402.44 2154.44 5.61634 0 0 0 0 0
1965.31 1990.61 0.436499 0 0 0 0 0
169.349 490.152 2.32375 0 0 0 0 0
79.9187 1129.32 3.27501 0 0 0 0 0
1155.63 914.564 3.54223 0 0 0 0 0
473.448 374.482 0.214824 0 0 0 0 0
489.427 1356.54 2.57612 0 0 0 0 0
603.474 1879 5.94293 0 0 0 0 0
521.282 2249.87 1.36132 0 0 0 0 0
1628.09 2264.93 4.66663 0 0 0 0 0
399.48 1767.87 1.21453 0 0 0 0 0
404.907 935.44 2.68271 0 0 0 0 0
609.543 1128.69 1.36606 0 0 0 0 0
1925.22 1708.54 1.09764 0 0 0 0 0
1840.61 231.062 4.10932 0 0 0 0 0
628.014 1036.49 0.915454 0 0 0 0 0
1030.65 291.877 0.813252 0 0 0 0 0
664.749 1279.16 2.44077 0 0 0 0 0
1298.91 1958.32 5.45019 0 0 0 0 0
1751.79 1774.03 3.73073 0 0 0 0 0
