1590.36 725.567 0.473174 0 0 0 0 0
508.57 1843.22 0.394827 0 0 0 0 0
1686.01 1357.64 5.92896 0 0 0 0 0
1551.66 1580.99 2.90216 0 0 0 0 0
1103.01 1205.1 0.489108 0 0 0 0 0
100 100 0 0 0 0 0 0
2000 2200 -1.6 0 0 0 0 0
100 1900 0 0 0 0 0 0
1700 2200 -1.6 0 0 0 0 0
1300 2200 -1.6 0 0 0 0 0
900 2200 -1.6 0 0 0 0 0
700 2200 -1.6 0 0 0 0 0
200 2200 1.6 0 0 0 0 0
100 1500 0 0 0 0 0 0
100 1100 0 0 0 0 0 0
100 700 0 0 0 0 0 0
100 300 0 0 0 0 0 0
750 550 3.2 0 0 0 0 0
750 700 3.2 0 0 0 0 0
750 900 3.2 0 0 0 0 0
750 1100 3.2 0 0 0 0 0
750 1275 3.2 0 0 0 0 0
750 1450 3.2 0 0 0 0 0
2000 2000 3.2 0 0 0 0 0
2000 1800 3.2 0 0 0 0 0
2000 1600 3.2 0 0 0 0 0
2000 1400 3.2 0 0 0 0 0
2000 1200 3.2 0 0 0 0 0
2000 1000 3.2 0 0 0 0 0
2000 800 3.2 0 0 0 0 0
2000 600 3.2 0 0 0 0 0
2000 500 3.2 0 0 0 0 0
2000 200 3.2 0 0 0 0 0
700 1650 0 0 0 0 0 0
650 300 0 0 0 0 0 0
400 1000 0 0 0 0 0 0
400 1400 0 0 0 0 0 0
900 500 0 0 0 0 0 0
1300 200 0 0 0 0 0 0
1700 500 0 0 0 0 0 0
1300 1000 0 0 0 0 0 0
900 900 0 0 0 0 0 0
900 1300 0 0 0 0 0 0
900 1700 0 0 0 0 0 0
1200 1300 0 0 0 0 0 0
1300 1700 0 0 0 0 0 0
1100 1600 0 0 0 0 0 0
400 100 0 0 0 0 0 0
700 100 0 0 0 0 0 0
1700 100 0 0 0 0 0 0
