0 -4.39949 2.88318 -2.96932 0
1 -1.51437 -1.38391 -3.65361 209
2 -1.24032 -2.40678 -4.55684 74
3 3.79562 1.30366 -1.22855 0
4 -1.80271 3.27858 -0.748953 32
5 -0.133684 2.90695 4.5527 56
6 2.13757 -1.47962 3.4194 219
7 -1.3762 -1.16979 -4.21514 200
8 -3.25936 3.80499 -2.81338 0
9 4.68732 2.92655 -4.96497 0
10 -3.22517 3.52707 2.91822 0
11 -1.19449 -2.9873 -3.46569 72
12 0.151898 0.772378 -0.872471 8
13 0.595061 -0.432006 -4.56882 135
14 4.36651 2.76528 3.70976 0
15 -1.38244 -2.3684 1.61671 39
16 -1.82974 4.76916 -4.86291 0
17 -3.41034 -1.60704 -1.0327 15
18 -2.62548 0.1336 -2.22771 120
19 -0.438855 -0.179085 -4.30116 109
20 -0.403822 1.59574 4.22591 228
21 -2.4856 -4.59874 -3.7614 0
22 -0.951292 0.553153 2.01098 94
23 3.17624 -3.85179 -3.42102 0
24 3.60742 -4.48528 4.34426 0
25 2.31719 -0.867719 -3.02415 255
26 -1.0661 2.30254 -3.25499 232
27 -0.92901 3.8922 0.137975 13
28 3.03829 -3.73327 -4.72843 0
29 -4.18943 0.827872 0.0924903 0
30 -3.49059 -4.57595 -3.31177 0
31 -4.26468 -2.06155 -2.91051 0
32 -3.02608 1.98715 2.64264 28
33 3.9849 0.163392 3.79086 0
34 -4.43612 -1.22919 4.30558 0
35 4.90813 -3.912 -1.56214 0
36 -3.11602 0.0218994 -4.2596 56
37 -1.371 4.09289 4.6326 0
38 3.76697 2.13118 -4.10067 0
39 4.03855 2.94175 1.7272 0
40 -0.868963 4.45116 2.15125 0
41 0.819271 -4.81352 -4.9103 0
42 2.90876 -2.8396 2.07685 0
43 0.551402 -3.8547 -2.75975 24
44 -0.657742 -3.29082 1.01106 34
45 -1.35216 -3.38268 2.09906 26
46 2.0857 -1.4987 -2.87904 252
47 2.8261 2.1303 -3.78615 28
48 2.4587 0.897268 3.34503 202
49 3.35804 -0.0641845 1.28678 18
50 0.0852386 4.06685 0.737938 0
51 -2.76351 -0.113876 0.924418 85
52 -2.67381 -2.20512 3.08482 41
53 4.40305 3.34629 4.23012 0
54 -3.35671 -2.31146 -4.0607 0
55 2.65435 1.33638 -2.44338 114
56 -0.246588 -1.57792 1.05792 87
57 1.87437 -3.75182 -1.81179 0
58 3.08822 3.70689 4.08548 0
59 1.43325 2.06492 -0.978703 108
60 -2.27998 -2.84984 -1.91185 19
61 3.45796 -0.613346 2.97427 51
62 -0.617621 1.71284 -4.23084 223
63 -2.5328 1.11589 4.11544 108
64 -3.30268 2.75918 -3.19601 0
65 -2.36338 0.413533 3.14037 219
66 0.193238 -4.83305 -3.43755 0
67 -3.74884 2.04132 -2.18936 0
68 -0.560631 0.129537 -3.48248 93
69 -1.47515 -3.43722 3.58245 23
70 2.54615 -0.717193 -4.26739 117
71 -4.3657 -2.25923 0.119264 0
72 3.60857 2.12315 -3.16789 0
73 4.37773 4.59035 2.948 0
74 3.49318 -3.71234 0.707179 0
75 -4.70283 -1.07572 -3.87929 0
76 3.43754 4.11752 -3.71234 0
77 4.99999 -4.63132 3.32897 0
78 -2.18937 -0.191953 -1.54149 145
79 -0.671846 3.3329 0.0212956 0
80 -2.0894 0.879046 4.3041 153
81 -1.35679 1.51334 -2.95513 344
82 3.76248 0.121918 4.16802 23
83 -4.40542 -0.500351 3.75836 0
84 3.54258 -2.00718 -4.95397 0
85 -0.750239 -1.71001 -1.02969 79
86 0.370474 -3.27247 -1.91216 67
87 1.65813 -3.27248 -1.54349 14
88 -0.012895 -0.461852 3.26456 88
89 3.44562 3.8663 1.59746 0
90 -1.53309 -3.2231 -2.52349 28
91 -2.22899 0.420116 3.98985 196
92 -0.184114 -0.817408 -0.888232 28
93 -1.01609 -0.222823 3.61142 130
94 -2.25773 -1.68024 -3.39576 198
95 -2.2117 2.56952 -0.105768 43
96 1.75861 -2.06001 1.62176 43
97 4.84645 4.59813 3.34928 0
98 -1.69704 -0.41477 -2.11257 156
99 -3.43247 -1.96915 -3.24627 0
