2425.64 -6432.11 4.49902 0 0 0 0 0
8833.82 -7301.86 4.54023 0 0 0 0 0
2677.05 -5836.53 5.98321 0 0 0 0 0
5475.05 -5859.27 2.93909 0 0 0 0 0
3755.25 -7064.48 3.2495 0 0 0 0 0
7178.05 -4395.53 1.05921 0 0 0 0 0
3636.54 -7575.67 4.75908 0 0 0 0 0
8168.93 -6901.32 0.0732249 0 0 0 0 0
6033.55 -7028.3 0.662295 0 0 0 0 0
3947.5 -6172.73 2.95005 0 0 0 0 0
3588.48 -7328.99 2.26519 0 0 0 0 0
7421.06 -5173.73 4.60965 0 0 0 0 0
2985.8 -7721.53 0.587868 0 0 0 0 0
6503.43 -3518.63 0.0726056 0 0 0 0 0
5834.15 -7305.97 0.936856 0 0 0 0 0
2203.29 -3206.33 4.89511 0 0 0 0 0
3471 -7079.23 5.16676 0 0 0 0 0
1734.52 -4410.68 0.843171 0 0 0 0 0
2527.18 -2639.45 2.74119 0 0 0 0 0
6057.94 -6546.99 3.2988 0 0 0 0 0
